0.088109,-0.115319,0.146941,-0.102620
-0.055094,0.009815,0.086582,0.005879
0.044597,0.081071,0.026124,-0.142352
-0.027150,0.089594,-0.057055,-0.023141
0.052441,-0.157941,-0.145097,0.097724
0.227711,0.034357,-0.144697,0.003836
-0.130872,0.005651,-0.082568,0.149701
-0.052840,-0.131550,-0.010696,0.108176
-0.055627,-0.001040,-0.152703,0.168561
0.133583,0.195107,-0.093251,-0.106672
-0.022436,0.030188,-0.008765,-0.034786
0.047556,-0.142180,0.082462,0.103061
-0.173329,-0.107011,0.194622,0.054520
-0.004771,-0.069366,0.048398,0.018527
0.064426,0.145828,0.116204,-0.169039
-0.017893,-0.002230,0.095453,0.041918
-0.046348,-0.188713,-0.041405,0.181216
-0.126484,0.101938,-0.150237,0.160391
-0.090012,-0.086662,-0.119257,0.086566
-0.128448,0.093364,0.156202,0.151416
0.029913,0.082899,0.174332,-0.217294
-0.108677,-0.061327,-0.074074,0.161114
-0.125876,0.015389,-0.157788,0.183495
0.009895,0.154604,-0.197318,-0.044152
-0.175631,-0.081374,-0.054160,0.139765
-0.114486,-0.084998,-0.017191,0.211557
-0.257247,0.207436,0.131617,0.090748
0.084710,-0.107554,0.070847,-0.112138
-0.007359,0.122993,-0.071840,-0.055356
0.048260,0.037407,0.039163,-0.083170
0.007408,-0.204844,0.088830,0.124765
0.007804,0.183021,-0.182391,-0.088926
-0.137442,0.065057,-0.154547,0.123905
-0.028818,0.121542,-0.265944,-0.063994
0.091183,0.276464,-0.138634,-0.183429
0.006612,-0.142162,0.207134,0.088268
-0.091929,0.176677,-0.171491,-0.088548
0.007787,0.127551,-0.089848,-0.004195
0.043017,-0.160356,0.021017,0.127409
0.048984,-0.000813,-0.087666,-0.087632
0.156013,0.207847,-0.217374,-0.019443
-0.111736,0.162688,-0.024201,0.083274
0.013969,0.174511,-0.179045,-0.056053
0.004156,-0.205385,0.089825,0.207931
0.075274,-0.208053,-0.026924,-0.043603
-0.154026,-0.145410,0.233788,-0.052467
-0.118819,-0.120566,0.140724,0.056368
-0.034364,0.138315,-0.000996,-0.092629
-0.199039,-0.203971,0.220374,0.167541
-0.016443,-0.117828,-0.043806,0.141671
-0.190385,-0.035536,0.130506,0.146958
-0.257287,-0.052589,0.149869,0.050259
0.120662,0.154630,-0.066257,-0.214742
-0.077786,0.137136,-0.188450,0.199719
0.109692,0.072216,-0.162107,0.045109
0.202514,-0.078371,0.132947,-0.270777
0.166930,-0.170026,-0.117199,0.108991
0.162648,0.079839,-0.097916,-0.092013
0.186938,-0.032957,-0.170964,0.049903
-0.201741,-0.034111,0.189826,0.127517
0.133551,-0.034696,-0.100163,-0.168391
0.138404,-0.138170,-0.176970,-0.046649
0.081208,0.028133,-0.164944,0.111132
0.098872,-0.060084,-0.037865,-0.052512
0.103625,-0.072832,-0.174494,0.239114
-0.177470,0.199678,-0.034338,-0.026018
0.084317,0.009914,-0.226380,0.194602
0.082707,-0.091178,-0.197835,-0.053556
-0.003587,0.038024,-0.139546,0.110510
0.292971,-0.050231,-0.244867,-0.089423
-0.100699,0.115215,-0.033253,0.113572
-0.099963,-0.033219,-0.083584,0.100054
0.168893,-0.171596,-0.225175,0.162078
0.170743,-0.116009,-0.060273,-0.037967
-0.081724,-0.025648,0.059957,0.018729
0.167646,-0.036813,-0.135273,-0.155659
-0.156325,0.010778,0.139125,0.081059
-0.204937,0.102450,0.206987,0.094916
-0.075937,-0.115812,0.067374,0.203103
-0.011000,0.062966,-0.110279,0.150561
0.063037,-0.081293,-0.083139,0.215360
0.137111,-0.261897,0.064640,0.215520
0.109927,-0.215967,-0.239936,0.156639
0.140724,-0.174467,-0.196442,0.093763
-0.084176,-0.012841,0.128092,0.070929
-0.007840,-0.029019,-0.120159,0.114949
0.014639,-0.088457,0.156024,-0.040640
0.006388,-0.099690,-0.171281,0.161546
0.182714,-0.195781,-0.136391,-0.096697
0.128932,-0.072523,0.151559,-0.193101
0.044005,0.218819,0.134299,-0.131146
-0.019071,0.079335,-0.288305,0.074176
-0.047417,0.142670,-0.207366,0.016752
0.074991,0.152103,-0.250879,0.036795
-0.016389,0.018268,0.108777,-0.021104
-0.119282,0.012542,-0.016017,-0.020825
-0.132571,0.214523,-0.028461,-0.096480
0.060090,-0.105854,-0.003555,0.057802
-0.079103,0.201652,-0.087532,-0.024421
-0.042440,0.154021,-0.152669,0.154197
-0.184894,0.205754,0.161496,-0.198817
-0.089384,0.120678,-0.009177,-0.128581
0.199535,0.102057,-0.192154,-0.148009
-0.178641,0.223206,0.039938,-0.142956
-0.023450,-0.222586,0.138533,0.201520
0.081146,0.022597,0.065789,-0.291394
-0.010528,0.011796,0.252010,-0.116441
-0.052943,0.157045,0.175981,-0.230129
-0.251864,-0.109072,0.157055,0.026541
-0.146567,0.176725,0.147758,-0.168139
-0.093985,-0.123574,0.083480,0.098322
0.070998,0.014906,0.171646,-0.225218
0.131966,0.050304,-0.093546,-0.131317
-0.036094,-0.093269,0.028925,0.223593
0.014291,0.063217,-0.065807,-0.115051
0.214715,0.127878,0.041027,-0.179281
-0.060315,0.007020,0.027119,0.067438
-0.128853,0.133165,0.079222,-0.243613
-0.015408,-0.186577,0.200659,0.073592
0.136244,-0.237296,-0.145066,0.173863
0.004911,-0.048685,0.009101,0.078278
-0.029776,0.026905,0.210576,-0.136266
-0.135982,-0.040178,0.223337,-0.171056
-0.027708,-0.166485,0.230762,-0.230084
0.031191,-0.033180,0.051548,-0.060768
0.198784,-0.110877,0.125921,-0.129055
0.071189,-0.168754,0.079584,-0.083221
-0.165251,0.115250,0.028587,-0.191184
-0.040882,0.025652,0.298355,-0.190929
-0.028224,0.170367,-0.161126,0.089261
-0.268053,0.016682,0.177630,0.133663
0.121288,-0.064041,-0.101242,-0.221369
-0.157764,-0.189162,0.097540,0.148183
-0.074075,0.023014,0.229491,-0.190305
0.088875,0.225676,-0.236096,0.199377
0.061821,0.039382,-0.227933,0.211299
0.131981,-0.098667,0.113677,-0.184356
0.025925,0.104531,-0.181320,-0.100233
0.099168,0.016829,-0.002493,-0.049383
0.222806,-0.262172,-0.041243,-0.068334
0.216793,-0.133950,-0.062616,-0.208083
0.087812,-0.067653,-0.087529,-0.023512
0.189878,-0.074114,0.102681,-0.141068
0.171441,0.024169,0.018214,-0.154941
0.220478,-0.176026,0.010909,0.008085
-0.027710,0.011837,0.104701,-0.242414
-0.171490,0.254932,-0.114864,0.148730
0.123700,-0.015339,0.041843,-0.122495
-0.025759,0.039584,0.169353,-0.016857
0.027787,-0.253425,0.117698,0.000659
0.023039,-0.136671,0.141397,-0.046920
-0.040976,0.052025,0.182365,-0.065674
-0.183449,0.162167,-0.084493,0.244868
0.227433,-0.080956,-0.217308,0.081033
0.028799,0.220551,-0.235101,-0.088711
0.012380,0.064997,0.026865,-0.099064
0.042222,0.070552,-0.193815,0.037577
0.196342,-0.194882,-0.055095,-0.155573
0.175464,-0.027405,-0.250262,-0.030817
0.123478,-0.144234,-0.012522,0.011443
-0.025439,-0.150922,0.025427,0.072748
0.054671,0.203499,0.058166,-0.192713
0.170485,-0.220943,0.075448,-0.066785
-0.019001,0.012370,-0.272773,0.035736
-0.015337,0.141891,-0.076713,-0.071129
-0.201098,0.122105,0.140978,-0.056776
0.132800,-0.142572,-0.017055,-0.186833
-0.117876,0.094687,0.006799,-0.005400
-0.150325,-0.093453,0.105448,0.111700
-0.211352,0.083104,-0.095372,0.193898
-0.132533,0.083553,0.082020,0.038176
0.117558,0.018762,0.154608,-0.262597
-0.102949,0.170795,-0.018925,-0.068326
-0.091044,0.185684,0.210475,-0.121615
0.002600,-0.111630,0.095212,-0.115722
-0.015619,-0.008919,0.027338,0.028327
0.131984,-0.024286,0.013123,-0.003333
0.230112,-0.127779,0.080010,-0.170263
-0.008247,0.161497,-0.076639,-0.062928
-0.008523,0.188848,0.078307,-0.136826
0.125205,-0.090576,0.111246,-0.081911
0.026298,-0.188941,0.215179,-0.117542
0.217427,-0.019076,-0.169784,-0.232154
0.173488,-0.150726,-0.036754,-0.077440
0.212115,-0.139719,0.087414,-0.009124
0.143808,-0.119486,-0.235561,0.124254
0.014307,0.029942,0.019475,0.008241
-0.268568,0.042661,0.003902,0.169703
0.057150,-0.098234,0.000447,0.044524
-0.187318,-0.101805,0.018508,0.137018
0.054953,-0.161251,0.017204,0.148281
-0.012932,0.020803,0.152855,-0.172949
0.037054,-0.133560,-0.011648,0.033691
-0.113647,-0.064658,-0.016679,0.051671
-0.021842,-0.108852,-0.110745,0.148812
0.048545,-0.169728,0.031785,0.002086
0.084375,0.017436,-0.022552,-0.119784
-0.052906,0.122149,0.046138,-0.156397
-0.074392,0.015606,0.153398,-0.075413
-0.009538,-0.005859,0.058004,-0.042834
0.090237,-0.001197,0.130941,-0.067556
0.078550,-0.014478,0.044419,-0.187935
0.095218,-0.076946,-0.009794,0.079588
0.055675,0.126965,0.004939,-0.132432
0.197952,0.092532,-0.164431,-0.047925
0.109255,-0.017861,-0.158436,0.173407
0.225275,0.089052,0.038063,-0.144150
-0.020690,-0.129919,-0.012488,0.078087
-0.082671,0.035692,0.063866,-0.139366
-0.067474,0.126857,-0.111760,0.090165
-0.023325,0.067745,-0.102857,-0.112281
-0.093368,0.103295,0.032971,-0.107831
0.043729,-0.032679,-0.128906,0.274005
-0.147602,0.085473,0.041726,0.050738
-0.079634,0.174305,0.038847,-0.039159
-0.138517,0.190726,0.043821,-0.074325
-0.247790,0.205783,-0.226280,0.059007
0.102587,0.150557,-0.062395,0.000525
-0.011596,0.026378,-0.034338,-0.054595
-0.040531,0.032463,0.035376,-0.216209
0.005130,0.090627,0.147044,-0.022644
0.114108,-0.084543,0.054598,-0.065142
-0.130335,0.234762,-0.209597,0.044095
0.061078,0.070797,0.019700,0.018393
0.089083,-0.028453,0.050208,-0.157381
-0.114522,0.007155,-0.183837,0.182879
0.132917,-0.233687,0.036031,0.172837
0.181643,-0.221896,0.015025,-0.090596
-0.106344,-0.048322,-0.058739,0.226385
-0.125206,0.039905,0.126722,0.066510
0.017342,-0.131712,0.042730,-0.109759
-0.119304,-0.148403,0.118353,0.163111
0.153977,-0.067493,-0.072261,0.127759
-0.051310,-0.122457,0.164705,0.094323
-0.164254,-0.032023,0.198599,-0.025327
-0.099084,-0.115542,0.053000,-0.018357
0.125157,-0.183041,0.031049,0.255786
0.105537,-0.256011,0.074010,0.162328
-0.124526,0.143129,-0.155196,-0.047286
0.152791,0.056438,-0.051182,-0.133511
-0.132144,-0.109259,0.179911,0.050492
0.186694,-0.172357,-0.111411,-0.104820
0.021913,0.029951,-0.022970,0.209480
-0.213851,0.079112,-0.109261,0.229595
-0.009350,-0.010069,-0.030598,0.016333
0.028755,-0.119243,0.119272,-0.076508
-0.157694,0.167367,0.159349,-0.018915
-0.020792,0.160139,-0.041224,0.048907
-0.105583,-0.096419,0.047102,-0.002979
-0.068032,0.103601,-0.148062,0.051761
-0.235211,0.110240,-0.008529,-0.037870
0.172132,-0.007227,-0.132327,0.038836
0.106076,0.270849,0.027940,-0.224131
